   0.26987074E-04   0.55419884E-05   0.99996747E+00   0.87938947E-28
   0.27489291E-04   0.56451223E-05   0.99996687E+00   0.94670142E-28
   0.28000854E-04   0.57501755E-05   0.99996625E+00   0.10191657E-27
   0.28521937E-04   0.58571835E-05   0.99996562E+00   0.10971766E-27
   0.29052717E-04   0.59661829E-05   0.99996498E+00   0.11811588E-27
   0.29593373E-04   0.60772106E-05   0.99996433E+00   0.12715694E-27
   0.30144091E-04   0.61903044E-05   0.99996367E+00   0.13689002E-27
   0.30705057E-04   0.63055028E-05   0.99996299E+00   0.14736812E-27
   0.31276462E-04   0.64228448E-05   0.99996230E+00   0.15864824E-27
   0.31858500E-04   0.65423705E-05   0.99996160E+00   0.17079179E-27
   0.32451369E-04   0.66641203E-05   0.99996088E+00   0.18386485E-27
   0.33055270E-04   0.67881358E-05   0.99996016E+00   0.19793857E-27
   0.33670409E-04   0.69144591E-05   0.99995942E+00   0.21308955E-27
   0.34296995E-04   0.70431330E-05   0.99995866E+00   0.22940023E-27
   0.34935241E-04   0.71742014E-05   0.99995789E+00   0.24695939E-27
   0.35585364E-04   0.73077088E-05   0.99995711E+00   0.26586259E-27
   0.36247585E-04   0.74437005E-05   0.99995631E+00   0.28621272E-27
   0.36922129E-04   0.75822229E-05   0.99995550E+00   0.30812051E-27
   0.37609225E-04   0.77233230E-05   0.99995467E+00   0.33170520E-27
   0.38309107E-04   0.78670487E-05   0.99995382E+00   0.35709514E-27
   0.39022012E-04   0.80134489E-05   0.99995296E+00   0.38442852E-27
   0.39748184E-04   0.81625734E-05   0.99995209E+00   0.41385409E-27
   0.40487868E-04   0.83144729E-05   0.99995120E+00   0.44553199E-27
   0.41241317E-04   0.84691989E-05   0.99995029E+00   0.47963463E-27
   0.42008786E-04   0.86268042E-05   0.99994936E+00   0.51634760E-27
   0.42790536E-04   0.87873422E-05   0.99994842E+00   0.55587070E-27
   0.43586833E-04   0.89508675E-05   0.99994746E+00   0.59841904E-27
   0.44397948E-04   0.91174358E-05   0.99994648E+00   0.64422416E-27
   0.45224157E-04   0.92871036E-05   0.99994549E+00   0.69353536E-27
   0.46065739E-04   0.94599286E-05   0.99994447E+00   0.74662100E-27
   0.46922982E-04   0.96359695E-05   0.99994344E+00   0.80376998E-27
   0.47796176E-04   0.98152862E-05   0.99994239E+00   0.86529333E-27
   0.48685619E-04   0.99979396E-05   0.99994132E+00   0.93152588E-27
   0.49591612E-04   0.10183992E-04   0.99994022E+00   0.10028281E-26
   0.50514465E-04   0.10373506E-04   0.99993911E+00   0.10795880E-26
   0.51454489E-04   0.10566547E-04   0.99993798E+00   0.11622233E-26
   0.52412005E-04   0.10763180E-04   0.99993682E+00   0.12511838E-26
   0.53387339E-04   0.10963471E-04   0.99993565E+00   0.13469536E-26
   0.54380821E-04   0.11167490E-04   0.99993445E+00   0.14500539E-26
   0.55392790E-04   0.11375305E-04   0.99993323E+00   0.15610458E-26
   0.56423589E-04   0.11586987E-04   0.99993199E+00   0.16805333E-26
   0.57473569E-04   0.11802608E-04   0.99993072E+00   0.18091668E-26
   0.58543086E-04   0.12022241E-04   0.99992943E+00   0.19476463E-26
   0.59632505E-04   0.12245961E-04   0.99992812E+00   0.20967254E-26
   0.60742195E-04   0.12473844E-04   0.99992678E+00   0.22572154E-26
   0.61872533E-04   0.12705967E-04   0.99992542E+00   0.24299897E-26
   0.63023904E-04   0.12942409E-04   0.99992403E+00   0.26159887E-26
   0.64196699E-04   0.13183251E-04   0.99992262E+00   0.28162246E-26
   0.65391316E-04   0.13428574E-04   0.99992118E+00   0.30317870E-26
   0.66608162E-04   0.13678462E-04   0.99991971E+00   0.32638492E-26
   0.67847650E-04   0.13932999E-04   0.99991822E+00   0.35136740E-26
   0.69110201E-04   0.14192273E-04   0.99991670E+00   0.37826211E-26
   0.70396244E-04   0.14456372E-04   0.99991515E+00   0.40721541E-26
   0.71706217E-04   0.14725384E-04   0.99991357E+00   0.43838486E-26
   0.73040565E-04   0.14999402E-04   0.99991196E+00   0.47194010E-26
   0.74399740E-04   0.15278518E-04   0.99991032E+00   0.50806374E-26
   0.75784205E-04   0.15562828E-04   0.99990865E+00   0.54695237E-26
   0.77194431E-04   0.15852428E-04   0.99990695E+00   0.58881762E-26
   0.78630896E-04   0.16147416E-04   0.99990522E+00   0.63388734E-26
   0.80094090E-04   0.16447893E-04   0.99990346E+00   0.68240680E-26
   0.81584508E-04   0.16753961E-04   0.99990166E+00   0.73464005E-26
   0.83102657E-04   0.17065724E-04   0.99989983E+00   0.79087134E-26
   0.84649054E-04   0.17383288E-04   0.99989797E+00   0.85140669E-26
   0.86224223E-04   0.17706760E-04   0.99989607E+00   0.91657554E-26
   0.87828701E-04   0.18036251E-04   0.99989414E+00   0.98673256E-26
   0.89463032E-04   0.18371873E-04   0.99989217E+00   0.10622595E-25
   0.91127771E-04   0.18713739E-04   0.99989016E+00   0.11435675E-25
   0.92823485E-04   0.19061966E-04   0.99988811E+00   0.12310989E-25
   0.94550749E-04   0.19416672E-04   0.99988603E+00   0.13253301E-25
   0.96310150E-04   0.19777977E-04   0.99988391E+00   0.14267740E-25
   0.98102286E-04   0.20146005E-04   0.99988175E+00   0.15359825E-25
   0.99927767E-04   0.20520881E-04   0.99987955E+00   0.16535501E-25
   0.10178721E-03   0.20902731E-04   0.99987731E+00   0.17801164E-25
   0.10368125E-03   0.21291686E-04   0.99987503E+00   0.19163704E-25
   0.10561053E-03   0.21687877E-04   0.99987270E+00   0.20630534E-25
   0.10757571E-03   0.22091440E-04   0.99987033E+00   0.22209638E-25
   0.10957744E-03   0.22502511E-04   0.99986792E+00   0.23909608E-25
   0.11161643E-03   0.22921230E-04   0.99986546E+00   0.25739696E-25
   0.11369334E-03   0.23347740E-04   0.99986296E+00   0.27709862E-25
   0.11580890E-03   0.23782185E-04   0.99986041E+00   0.29830827E-25
   0.11796382E-03   0.24224712E-04   0.99985781E+00   0.32114132E-25
   0.12015882E-03   0.24675473E-04   0.99985517E+00   0.34572205E-25
   0.12239467E-03   0.25134620E-04   0.99985247E+00   0.37218420E-25
   0.12467211E-03   0.25602309E-04   0.99984973E+00   0.40067180E-25
   0.12699193E-03   0.26078699E-04   0.99984693E+00   0.43133986E-25
   0.12935490E-03   0.26563953E-04   0.99984408E+00   0.46435528E-25
   0.13176184E-03   0.27058234E-04   0.99984118E+00   0.49989773E-25
   0.13421355E-03   0.27561711E-04   0.99983822E+00   0.53816061E-25
   0.13671087E-03   0.28074554E-04   0.99983521E+00   0.57935216E-25
   0.13925466E-03   0.28596939E-04   0.99983215E+00   0.62369654E-25
   0.14184577E-03   0.29129042E-04   0.99982903E+00   0.67143505E-25
   0.14448508E-03   0.29671044E-04   0.99982584E+00   0.72282749E-25
   0.14717350E-03   0.30223129E-04   0.99982260E+00   0.77815352E-25
   0.14991193E-03   0.30785485E-04   0.99981930E+00   0.83771421E-25
   0.15270130E-03   0.31358303E-04   0.99981594E+00   0.90183369E-25
   0.15554256E-03   0.31941777E-04   0.99981252E+00   0.97086087E-25
   0.15843669E-03   0.32536105E-04   0.99980903E+00   0.10451714E-24
   0.16138465E-03   0.33141490E-04   0.99980547E+00   0.11251696E-24
   0.16438745E-03   0.33758136E-04   0.99980185E+00   0.12112909E-24
   0.16744611E-03   0.34386254E-04   0.99979817E+00   0.13040039E-24
   0.17056167E-03   0.35026057E-04   0.99979441E+00   0.14038131E-24
   0.17373518E-03   0.35677761E-04   0.99979059E+00   0.15112617E-24
   0.17696774E-03   0.36341589E-04   0.99978669E+00   0.16269343E-24
   0.18026042E-03   0.37017765E-04   0.99978272E+00   0.17514604E-24
   0.18361435E-03   0.37706519E-04   0.99977868E+00   0.18855176E-24
   0.18703068E-03   0.38408086E-04   0.99977456E+00   0.20298354E-24
   0.19051055E-03   0.39122703E-04   0.99977037E+00   0.21851992E-24
   0.19405516E-03   0.39850612E-04   0.99976609E+00   0.23524544E-24
   0.19766570E-03   0.40592062E-04   0.99976174E+00   0.25325111E-24
   0.20134339E-03   0.41347304E-04   0.99975731E+00   0.27263491E-24
   0.20508950E-03   0.42116594E-04   0.99975279E+00   0.29350232E-24
   0.20890529E-03   0.42900194E-04   0.99974819E+00   0.31596689E-24
   0.21279206E-03   0.43698369E-04   0.99974351E+00   0.34015086E-24
   0.21675112E-03   0.44511391E-04   0.99973874E+00   0.36618582E-24
   0.22078382E-03   0.45339535E-04   0.99973388E+00   0.39421346E-24
   0.22489153E-03   0.46183083E-04   0.99972893E+00   0.42438627E-24
   0.22907565E-03   0.47042320E-04   0.99972388E+00   0.45686845E-24
   0.23333758E-03   0.47917540E-04   0.99971874E+00   0.49183674E-24
   0.23767879E-03   0.48809038E-04   0.99971351E+00   0.52948142E-24
   0.24210074E-03   0.49717117E-04   0.99970818E+00   0.57000734E-24
   0.24660494E-03   0.50642086E-04   0.99970275E+00   0.61363499E-24
   0.25119291E-03   0.51584259E-04   0.99969722E+00   0.66060179E-24
   0.25586621E-03   0.52543954E-04   0.99969159E+00   0.71116329E-24
   0.26062643E-03   0.53521499E-04   0.99968585E+00   0.76559462E-24
   0.26547518E-03   0.54517225E-04   0.99968001E+00   0.82419194E-24
   0.27041411E-03   0.55531469E-04   0.99967405E+00   0.88727411E-24
   0.27544489E-03   0.56564576E-04   0.99966799E+00   0.95518437E-24
   0.28056923E-03   0.57616896E-04   0.99966181E+00   0.10282922E-23
   0.28578888E-03   0.58688787E-04   0.99965552E+00   0.11069955E-23
   0.29110559E-03   0.59780612E-04   0.99964911E+00   0.11917224E-23
   0.29652118E-03   0.60892742E-04   0.99964259E+00   0.12829340E-23
   0.30203748E-03   0.62025554E-04   0.99963594E+00   0.13811265E-23
   0.30765636E-03   0.63179432E-04   0.99962916E+00   0.14868342E-23
   0.31337974E-03   0.64354767E-04   0.99962227E+00   0.16006323E-23
   0.31920954E-03   0.65551960E-04   0.99961524E+00   0.17231399E-23
   0.32514776E-03   0.66771415E-04   0.99960808E+00   0.18550237E-23
   0.33119640E-03   0.68013546E-04   0.99960079E+00   0.19970012E-23
   0.33735751E-03   0.69278775E-04   0.99959336E+00   0.21498449E-23
   0.34363319E-03   0.70567531E-04   0.99958580E+00   0.23143865E-23
   0.35002557E-03   0.71880251E-04   0.99957809E+00   0.24915211E-23
   0.35653680E-03   0.73217379E-04   0.99957025E+00   0.26822126E-23
   0.36316911E-03   0.74579371E-04   0.99956225E+00   0.28874984E-23
   0.36992474E-03   0.75966687E-04   0.99955411E+00   0.31084955E-23
   0.37680597E-03   0.77379798E-04   0.99954581E+00   0.33464063E-23
   0.38381515E-03   0.78819183E-04   0.99953737E+00   0.36025252E-23
   0.39095465E-03   0.80285330E-04   0.99952876E+00   0.38782458E-23
   0.39822689E-03   0.81778736E-04   0.99951999E+00   0.41750680E-23
   0.40563434E-03   0.83299908E-04   0.99951107E+00   0.44946068E-23
   0.41317950E-03   0.84849362E-04   0.99950197E+00   0.48386007E-23
   0.42086494E-03   0.86427622E-04   0.99949271E+00   0.52089212E-23
   0.42869326E-03   0.88035223E-04   0.99948327E+00   0.56075831E-23
   0.43666712E-03   0.89672711E-04   0.99947366E+00   0.60367554E-23
   0.44478921E-03   0.91340641E-04   0.99946387E+00   0.64987728E-23
   0.45306229E-03   0.93039578E-04   0.99945390E+00   0.69961490E-23
   0.46148917E-03   0.94770097E-04   0.99944374E+00   0.75315900E-23
   0.47007269E-03   0.96532785E-04   0.99943339E+00   0.81080087E-23
   0.47881578E-03   0.98328240E-04   0.99942286E+00   0.87285411E-23
   0.48772138E-03   0.10015707E-03   0.99941212E+00   0.93965630E-23
   0.49679252E-03   0.10201989E-03   0.99940119E+00   0.10115709E-22
   0.50603228E-03   0.10391734E-03   0.99939005E+00   0.10889890E-22
   0.51544377E-03   0.10585006E-03   0.99937871E+00   0.11723320E-22
   0.52503020E-03   0.10781870E-03   0.99936715E+00   0.12620531E-22
   0.53479480E-03   0.10982393E-03   0.99935538E+00   0.13586404E-22
   0.54474089E-03   0.11186643E-03   0.99934339E+00   0.14626195E-22
   0.55487183E-03   0.11394689E-03   0.99933118E+00   0.15745559E-22
   0.56519106E-03   0.11606602E-03   0.99931874E+00   0.16950586E-22
   0.57570206E-03   0.11822453E-03   0.99930607E+00   0.18247830E-22
   0.58640840E-03   0.12042315E-03   0.99929317E+00   0.19644350E-22
   0.59731370E-03   0.12266264E-03   0.99928002E+00   0.21147741E-22
   0.60842166E-03   0.12494373E-03   0.99926663E+00   0.22766181E-22
   0.61973603E-03   0.12726722E-03   0.99925300E+00   0.24508475E-22
   0.63126065E-03   0.12963388E-03   0.99923911E+00   0.26384100E-22
   0.64299941E-03   0.13204452E-03   0.99922496E+00   0.28403259E-22
   0.65495629E-03   0.13449995E-03   0.99921054E+00   0.30576934E-22
   0.66713534E-03   0.13700101E-03   0.99919586E+00   0.32916950E-22
   0.67954067E-03   0.13954853E-03   0.99918091E+00   0.35436035E-22
   0.69217649E-03   0.14214339E-03   0.99916568E+00   0.38147891E-22
   0.70504706E-03   0.14478645E-03   0.99915017E+00   0.41067269E-22
   0.71815675E-03   0.14747862E-03   0.99913436E+00   0.44210048E-22
   0.73150999E-03   0.15022080E-03   0.99911827E+00   0.47593322E-22
   0.74511129E-03   0.15301392E-03   0.99910187E+00   0.51235494E-22
   0.75896525E-03   0.15585893E-03   0.99908518E+00   0.55156373E-22
   0.77307656E-03   0.15875679E-03   0.99906817E+00   0.59377285E-22
   0.78744999E-03   0.16170848E-03   0.99905084E+00   0.63921188E-22
   0.80209040E-03   0.16471499E-03   0.99903319E+00   0.68812795E-22
   0.81700274E-03   0.16777735E-03   0.99901522E+00   0.74078711E-22
   0.83219205E-03   0.17089658E-03   0.99899691E+00   0.79747576E-22
   0.84766346E-03   0.17407375E-03   0.99897826E+00   0.85850220E-22
   0.86342220E-03   0.17730992E-03   0.99895927E+00   0.92419835E-22
   0.87947360E-03   0.18060619E-03   0.99893992E+00   0.99492148E-22
   0.89582308E-03   0.18396367E-03   0.99892021E+00   0.10710562E-21
   0.91247617E-03   0.18738350E-03   0.99890014E+00   0.11530166E-21
   0.92943848E-03   0.19086683E-03   0.99887969E+00   0.12412485E-21
   0.94671575E-03   0.19441484E-03   0.99885887E+00   0.13362315E-21
   0.96431381E-03   0.19802873E-03   0.99883766E+00   0.14384823E-21
   0.98223861E-03   0.20170971E-03   0.99881605E+00   0.15485568E-21
   0.10004962E-02   0.20545904E-03   0.99879404E+00   0.16670538E-21
   0.10190927E-02   0.20927797E-03   0.99877163E+00   0.17946175E-21
   0.10380345E-02   0.21316780E-03   0.99874880E+00   0.19319416E-21
   0.10573279E-02   0.21712983E-03   0.99872554E+00   0.20797729E-21
   0.10769794E-02   0.22116541E-03   0.99870186E+00   0.22389152E-21
   0.10969956E-02   0.22527589E-03   0.99867773E+00   0.24102339E-21
   0.11173834E-02   0.22946267E-03   0.99865315E+00   0.25946605E-21
   0.11381496E-02   0.23372715E-03   0.99862812E+00   0.27931977E-21
   0.11593011E-02   0.23807077E-03   0.99860263E+00   0.30069252E-21
   0.11808452E-02   0.24249500E-03   0.99857666E+00   0.32370050E-21
   0.12027891E-02   0.24700133E-03   0.99855021E+00   0.34846879E-21
   0.12251402E-02   0.25159128E-03   0.99852327E+00   0.37513208E-21
   0.12479059E-02   0.25626639E-03   0.99849583E+00   0.40383532E-21
   0.12710941E-02   0.26102825E-03   0.99846788E+00   0.43473457E-21
   0.12947124E-02   0.26587845E-03   0.99843941E+00   0.46799782E-21
   0.13187690E-02   0.27081863E-03   0.99841041E+00   0.50380590E-21
   0.13432717E-02   0.27585045E-03   0.99838088E+00   0.54235348E-21
   0.13682290E-02   0.28097560E-03   0.99835080E+00   0.58385012E-21
   0.13936492E-02   0.28619582E-03   0.99832015E+00   0.62852142E-21
   0.14195409E-02   0.29151286E-03   0.99828895E+00   0.67661019E-21
   0.14459128E-02   0.29692851E-03   0.99825716E+00   0.72837786E-21
   0.14727737E-02   0.30244459E-03   0.99822478E+00   0.78410583E-21
   0.15001327E-02   0.30806296E-03   0.99819180E+00   0.84409702E-21
   0.15279990E-02   0.31378551E-03   0.99815822E+00   0.90867753E-21
   0.15563820E-02   0.31961415E-03   0.99812400E+00   0.97819837E-21
   0.15852911E-02   0.32555086E-03   0.99808916E+00   0.10530374E-20
   0.16147363E-02   0.33159763E-03   0.99805367E+00   0.11336014E-20
   0.16447272E-02   0.33775648E-03   0.99801752E+00   0.12203283E-20
   0.16752740E-02   0.34402949E-03   0.99798070E+00   0.13136894E-20
   0.17063871E-02   0.35041877E-03   0.99794319E+00   0.14141921E-20
   0.17380767E-02   0.35692646E-03   0.99790500E+00   0.15223826E-20
   0.17703536E-02   0.36355475E-03   0.99786609E+00   0.16388489E-20
   0.18032285E-02   0.37030586E-03   0.99782647E+00   0.17642239E-20
   0.18367126E-02   0.37718206E-03   0.99778611E+00   0.18991889E-20
   0.18708171E-02   0.38418565E-03   0.99774500E+00   0.20444774E-20
   0.19055533E-02   0.39131899E-03   0.99770313E+00   0.22008788E-20
   0.19409330E-02   0.39858446E-03   0.99766048E+00   0.23692429E-20
   0.19769681E-02   0.40598451E-03   0.99761705E+00   0.25504846E-20
   0.20136705E-02   0.41352162E-03   0.99757281E+00   0.27455887E-20
   0.20510526E-02   0.42119830E-03   0.99752775E+00   0.29556153E-20
   0.20891269E-02   0.42901713E-03   0.99748186E+00   0.31817053E-20
   0.21279062E-02   0.43698073E-03   0.99743511E+00   0.34250872E-20
   0.21674034E-02   0.44509177E-03   0.99738750E+00   0.36870832E-20
   0.22076318E-02   0.45335297E-03   0.99733902E+00   0.39691165E-20
   0.22486049E-02   0.46176708E-03   0.99728963E+00   0.42727194E-20
   0.22903363E-02   0.47033691E-03   0.99723933E+00   0.45995411E-20
   0.23328400E-02   0.47906535E-03   0.99718809E+00   0.49513568E-20
   0.23761302E-02   0.48795531E-03   0.99713591E+00   0.53300776E-20
   0.24202214E-02   0.49700975E-03   0.99708277E+00   0.57377605E-20
   0.24651283E-02   0.50623170E-03   0.99702864E+00   0.61766198E-20
   0.25108659E-02   0.51562424E-03   0.99697351E+00   0.66490391E-20
   0.25574495E-02   0.52519052E-03   0.99691736E+00   0.71575841E-20
   0.26048946E-02   0.53493371E-03   0.99686017E+00   0.77050165E-20
   0.26532171E-02   0.54485708E-03   0.99680193E+00   0.82943094E-20
   0.27024331E-02   0.55496394E-03   0.99674260E+00   0.89286627E-20
   0.27525590E-02   0.56525764E-03   0.99668218E+00   0.96115210E-20
   0.28036114E-02   0.57574164E-03   0.99662065E+00   0.10346592E-19
   0.28556075E-02   0.58641941E-03   0.99655797E+00   0.11137868E-19
   0.29085646E-02   0.59729451E-03   0.99649414E+00   0.11989644E-19
   0.29625002E-02   0.60837057E-03   0.99642913E+00   0.12906544E-19
   0.30174323E-02   0.61965127E-03   0.99636292E+00   0.13893547E-19
   0.30733792E-02   0.63114037E-03   0.99629548E+00   0.14956011E-19
   0.31303595E-02   0.64284168E-03   0.99622680E+00   0.16099703E-19
   0.31883921E-02   0.65475909E-03   0.99615685E+00   0.17330832E-19
   0.32474964E-02   0.66689657E-03   0.99608561E+00   0.18656079E-19
   0.33076919E-02   0.67925815E-03   0.99601305E+00   0.20082639E-19
   0.33689986E-02   0.69184793E-03   0.99593915E+00   0.21618252E-19
   0.34314369E-02   0.70467008E-03   0.99586389E+00   0.23271255E-19
   0.34950275E-02   0.71772886E-03   0.99578724E+00   0.25050616E-19
   0.35597915E-02   0.73102861E-03   0.99570918E+00   0.26965991E-19
   0.36257503E-02   0.74457372E-03   0.99562968E+00   0.29027774E-19
   0.36929258E-02   0.75836868E-03   0.99554871E+00   0.31247153E-19
   0.37613401E-02   0.77241806E-03   0.99546624E+00   0.33636168E-19
   0.38310161E-02   0.78672652E-03   0.99538226E+00   0.36207780E-19
   0.39019766E-02   0.80129877E-03   0.99529672E+00   0.38975941E-19
   0.39742452E-02   0.81613964E-03   0.99520962E+00   0.41955667E-19
   0.40478457E-02   0.83125403E-03   0.99512090E+00   0.45163121E-19
   0.41228025E-02   0.84664694E-03   0.99503055E+00   0.48615700E-19
   0.41991402E-02   0.86232343E-03   0.99493854E+00   0.52332130E-19
   0.42768840E-02   0.87828868E-03   0.99484483E+00   0.56332567E-19
   0.43560597E-02   0.89454796E-03   0.99474939E+00   0.60638704E-19
   0.44366931E-02   0.91110663E-03   0.99465220E+00   0.65273892E-19
   0.45188110E-02   0.92797012E-03   0.99455322E+00   0.70263264E-19
   0.46024403E-02   0.94514400E-03   0.99445242E+00   0.75633871E-19
   0.46876086E-02   0.96263390E-03   0.99434976E+00   0.81414831E-19
   0.47743437E-02   0.98044559E-03   0.99424521E+00   0.87637483E-19
   0.48626743E-02   0.99858490E-03   0.99413874E+00   0.94335557E-19
   0.49526293E-02   0.10170578E-02   0.99403031E+00   0.10154536E-18
   0.50442382E-02   0.10358703E-02   0.99391989E+00   0.10930597E-18
   0.51375310E-02   0.10550287E-02   0.99380744E+00   0.11765944E-18
   0.52325383E-02   0.10745391E-02   0.99369292E+00   0.12665104E-18
   0.53292912E-02   0.10944080E-02   0.99357630E+00   0.13632949E-18
   0.54278213E-02   0.11146419E-02   0.99345754E+00   0.14674723E-18
   0.55281609E-02   0.11352473E-02   0.99333659E+00   0.15796071E-18
   0.56303427E-02   0.11562311E-02   0.99321343E+00   0.17003067E-18
   0.57344001E-02   0.11776000E-02   0.99308800E+00   0.18302248E-18
   0.58403670E-02   0.11993611E-02   0.99296027E+00   0.19700653E-18
   0.59482779E-02   0.12215214E-02   0.99283020E+00   0.21205853E-18
   0.60581680E-02   0.12440881E-02   0.99269774E+00   0.22826001E-18
   0.61700731E-02   0.12670686E-02   0.99256286E+00   0.24569870E-18
   0.62840294E-02   0.12904703E-02   0.99242550E+00   0.26446901E-18
   0.64000741E-02   0.13143009E-02   0.99228562E+00   0.28467256E-18
   0.65182448E-02   0.13385681E-02   0.99214319E+00   0.30641871E-18
   0.66385798E-02   0.13632798E-02   0.99199814E+00   0.32982519E-18
   0.67611180E-02   0.13884439E-02   0.99185044E+00   0.35501866E-18
   0.68858992E-02   0.14140686E-02   0.99170003E+00   0.38213547E-18
   0.70129638E-02   0.14401622E-02   0.99154687E+00   0.41132235E-18
   0.71423526E-02   0.14667331E-02   0.99139091E+00   0.44273721E-18
   0.72741076E-02   0.14937899E-02   0.99123210E+00   0.47655001E-18
   0.74082711E-02   0.15213414E-02   0.99107039E+00   0.51294365E-18
   0.75448865E-02   0.15493963E-02   0.99090572E+00   0.55211497E-18
   0.76839976E-02   0.15779638E-02   0.99073804E+00   0.59427582E-18
   0.78256492E-02   0.16070530E-02   0.99056730E+00   0.63965417E-18
   0.79698868E-02   0.16366732E-02   0.99039344E+00   0.68849539E-18
   0.81167567E-02   0.16668340E-02   0.99021641E+00   0.74106352E-18
   0.82663058E-02   0.16975449E-02   0.99003615E+00   0.79764271E-18
   0.84185821E-02   0.17288160E-02   0.98985260E+00   0.85853876E-18
   0.85736343E-02   0.17606570E-02   0.98966571E+00   0.92408077E-18
   0.87315118E-02   0.17930783E-02   0.98947541E+00   0.99462289E-18
   0.88922651E-02   0.18260901E-02   0.98928164E+00   0.10705462E-17
   0.90559452E-02   0.18597030E-02   0.98908435E+00   0.11522609E-17
   0.92226044E-02   0.18939277E-02   0.98888347E+00   0.12402084E-17
   0.93922956E-02   0.19287750E-02   0.98867893E+00   0.13348635E-17
   0.95650726E-02   0.19642560E-02   0.98847067E+00   0.14367374E-17
   0.97409901E-02   0.20003819E-02   0.98825863E+00   0.15463801E-17
   0.99201040E-02   0.20371642E-02   0.98804273E+00   0.16643835E-17
   0.10102471E-01   0.20746145E-02   0.98782291E+00   0.17913844E-17
   0.10288148E-01   0.21127447E-02   0.98759911E+00   0.19280683E-17
   0.10477194E-01   0.21515667E-02   0.98737124E+00   0.20751727E-17
   0.10669669E-01   0.21910927E-02   0.98713924E+00   0.22334910E-17
   0.10865633E-01   0.22313353E-02   0.98690303E+00   0.24038774E-17
   0.11065147E-01   0.22723070E-02   0.98666255E+00   0.25872506E-17
   0.11268274E-01   0.23140206E-02   0.98641771E+00   0.27845996E-17
   0.11475078E-01   0.23564893E-02   0.98616843E+00   0.29969881E-17
   0.11685623E-01   0.23997262E-02   0.98591465E+00   0.32255611E-17
   0.11899976E-01   0.24437450E-02   0.98565628E+00   0.34715505E-17
   0.12118201E-01   0.24885592E-02   0.98539324E+00   0.37362816E-17
   0.12340369E-01   0.25341828E-02   0.98512545E+00   0.40211807E-17
   0.12566546E-01   0.25806300E-02   0.98485282E+00   0.43277824E-17
   0.12796805E-01   0.26279152E-02   0.98457528E+00   0.46577379E-17
   0.13031215E-01   0.26760530E-02   0.98429273E+00   0.50128237E-17
   0.13269849E-01   0.27250582E-02   0.98400509E+00   0.53949513E-17
   0.13512781E-01   0.27749460E-02   0.98371227E+00   0.58061774E-17
   0.13760085E-01   0.28257317E-02   0.98341418E+00   0.62487149E-17
   0.14011837E-01   0.28774309E-02   0.98311073E+00   0.67249446E-17
   0.14268115E-01   0.29300594E-02   0.98280183E+00   0.72374281E-17
   0.14528997E-01   0.29836334E-02   0.98248737E+00   0.77889213E-17
   0.14794563E-01   0.30381691E-02   0.98216727E+00   0.83823894E-17
   0.15064892E-01   0.30936832E-02   0.98184142E+00   0.90210223E-17
   0.15340069E-01   0.31501927E-02   0.98150974E+00   0.97082522E-17
   0.15620175E-01   0.32077145E-02   0.98117211E+00   0.10447771E-16
   0.15905296E-01   0.32662661E-02   0.98082844E+00   0.11243552E-16
   0.16195518E-01   0.33258653E-02   0.98047862E+00   0.12099869E-16
   0.16490928E-01   0.33865299E-02   0.98012254E+00   0.13021318E-16
   0.16791615E-01   0.34482782E-02   0.97976011E+00   0.14012846E-16
   0.17097670E-01   0.35111287E-02   0.97939120E+00   0.15079774E-16
   0.17409184E-01   0.35751002E-02   0.97901572E+00   0.16227825E-16
   0.17726249E-01   0.36402119E-02   0.97863354E+00   0.17463158E-16
   0.18048961E-01   0.37064830E-02   0.97824456E+00   0.18792396E-16
   0.18377414E-01   0.37739333E-02   0.97784865E+00   0.20222666E-16
   0.18711708E-01   0.38425828E-02   0.97744571E+00   0.21761631E-16
   0.19051939E-01   0.39124517E-02   0.97703561E+00   0.23417537E-16
   0.19398208E-01   0.39835606E-02   0.97661823E+00   0.25199254E-16
   0.19750618E-01   0.40559305E-02   0.97619345E+00   0.27116322E-16
   0.20109271E-01   0.41295825E-02   0.97576115E+00   0.29179002E-16
   0.20474272E-01   0.42045381E-02   0.97532119E+00   0.31398334E-16
   0.20845728E-01   0.42808192E-02   0.97487345E+00   0.33786190E-16
   0.21223746E-01   0.43584479E-02   0.97441781E+00   0.36355341E-16
   0.21608436E-01   0.44374467E-02   0.97395412E+00   0.39119522E-16
   0.21999909E-01   0.45178385E-02   0.97348225E+00   0.42093508E-16
   0.22398278E-01   0.45996463E-02   0.97300208E+00   0.45293187E-16
   0.22803656E-01   0.46828936E-02   0.97251345E+00   0.48735650E-16
   0.23216160E-01   0.47676043E-02   0.97201624E+00   0.52439277E-16
   0.23635908E-01   0.48538025E-02   0.97151029E+00   0.56423836E-16
   0.24063018E-01   0.49415126E-02   0.97099547E+00   0.60710588E-16
   0.24497611E-01   0.50307595E-02   0.97047163E+00   0.65322397E-16
   0.24939811E-01   0.51215683E-02   0.96993862E+00   0.70283852E-16
   0.25389741E-01   0.52139646E-02   0.96939629E+00   0.75621396E-16
   0.25847527E-01   0.53079743E-02   0.96884450E+00   0.81363467E-16
   0.26313297E-01   0.54036235E-02   0.96828308E+00   0.87540645E-16
   0.26787181E-01   0.55009389E-02   0.96771188E+00   0.94185816E-16
   0.27269309E-01   0.55999474E-02   0.96713074E+00   0.10133434E-15
   0.27759815E-01   0.57006763E-02   0.96653951E+00   0.10902425E-15
   0.28258833E-01   0.58031532E-02   0.96593801E+00   0.11729643E-15
   0.28766499E-01   0.59074061E-02   0.96532609E+00   0.12619484E-15
   0.29282953E-01   0.60134635E-02   0.96470358E+00   0.13576677E-15
   0.29808333E-01   0.61213542E-02   0.96407031E+00   0.14606304E-15
   0.30342783E-01   0.62311071E-02   0.96342611E+00   0.15713831E-15
   0.30886444E-01   0.63427519E-02   0.96277080E+00   0.16905133E-15
   0.31439464E-01   0.64563184E-02   0.96210422E+00   0.18186530E-15
   0.32001988E-01   0.65718368E-02   0.96142618E+00   0.19564813E-15
   0.32574167E-01   0.66893378E-02   0.96073650E+00   0.21047284E-15
   0.33156150E-01   0.68088523E-02   0.96003500E+00   0.22641796E-15
   0.33748091E-01   0.69304116E-02   0.95932150E+00   0.24356788E-15
   0.34350145E-01   0.70540476E-02   0.95859581E+00   0.26201334E-15
   0.34962467E-01   0.71797923E-02   0.95785774E+00   0.28185187E-15
   0.35585216E-01   0.73076783E-02   0.95710711E+00   0.30318833E-15
   0.36218552E-01   0.74377383E-02   0.95634371E+00   0.32613543E-15
   0.36862636E-01   0.75700056E-02   0.95556736E+00   0.35081432E-15
   0.37517633E-01   0.77045138E-02   0.95477785E+00   0.37735523E-15
   0.38183707E-01   0.78412970E-02   0.95397500E+00   0.40589814E-15
   0.38861027E-01   0.79803894E-02   0.95315858E+00   0.43659350E-15
   0.39549760E-01   0.81218258E-02   0.95232841E+00   0.46960302E-15
   0.40250079E-01   0.82656412E-02   0.95148428E+00   0.50510048E-15
   0.40962156E-01   0.84118713E-02   0.95062597E+00   0.54327269E-15
   0.41686165E-01   0.85605517E-02   0.94975328E+00   0.58432038E-15
   0.42422282E-01   0.87117187E-02   0.94886600E+00   0.62845929E-15
   0.43170686E-01   0.88654088E-02   0.94796390E+00   0.67592124E-15
   0.43931557E-01   0.90216590E-02   0.94704678E+00   0.72695539E-15
   0.44705075E-01   0.91805065E-02   0.94611442E+00   0.78182944E-15
   0.45491425E-01   0.93419890E-02   0.94516659E+00   0.84083107E-15
   0.46290790E-01   0.95061444E-02   0.94420307E+00   0.90426939E-15
   0.47103358E-01   0.96730110E-02   0.94322363E+00   0.97247653E-15
   0.47929316E-01   0.98426274E-02   0.94222806E+00   0.10458093E-14
   0.48768855E-01   0.10015033E-01   0.94121611E+00   0.11246513E-14
   0.49622166E-01   0.10190266E-01   0.94018757E+00   0.12094142E-14
   0.50489443E-01   0.10368368E-01   0.93914219E+00   0.13005407E-14
   0.51370878E-01   0.10549377E-01   0.93807974E+00   0.13985061E-14
   0.52266670E-01   0.10733334E-01   0.93700000E+00   0.15038213E-14
   0.53177015E-01   0.10920280E-01   0.93590271E+00   0.16170349E-14
   0.54102112E-01   0.11110255E-01   0.93478763E+00   0.17387361E-14
   0.55042161E-01   0.11303301E-01   0.93365454E+00   0.18695581E-14
   0.55997365E-01   0.11499459E-01   0.93250318E+00   0.20101807E-14
   0.56967927E-01   0.11698771E-01   0.93133330E+00   0.21613343E-14
   0.57954050E-01   0.11901278E-01   0.93014467E+00   0.23238032E-14
   0.58955941E-01   0.12107024E-01   0.92893704E+00   0.24984298E-14
   0.59973806E-01   0.12316049E-01   0.92771014E+00   0.26861188E-14
   0.61007853E-01   0.12528398E-01   0.92646375E+00   0.28878416E-14
   0.62058292E-01   0.12744113E-01   0.92519759E+00   0.31046415E-14
   0.63125331E-01   0.12963238E-01   0.92391143E+00   0.33376388E-14
   0.64209183E-01   0.13185814E-01   0.92260500E+00   0.35880364E-14
   0.65310058E-01   0.13411887E-01   0.92127805E+00   0.38571257E-14
   0.66428170E-01   0.13641499E-01   0.91993033E+00   0.41462934E-14
   0.67563733E-01   0.13874695E-01   0.91856157E+00   0.44570284E-14
   0.68716959E-01   0.14111518E-01   0.91717152E+00   0.47909289E-14
   0.69888064E-01   0.14352013E-01   0.91575992E+00   0.51497106E-14
   0.71077263E-01   0.14596224E-01   0.91432651E+00   0.55352155E-14
   0.72284773E-01   0.14844194E-01   0.91287103E+00   0.59494207E-14
   0.73510808E-01   0.15095969E-01   0.91139322E+00   0.63944483E-14
   0.74755586E-01   0.15351593E-01   0.90989282E+00   0.68725761E-14
   0.76019322E-01   0.15611111E-01   0.90836957E+00   0.73862487E-14
   0.77302234E-01   0.15874566E-01   0.90682320E+00   0.79380898E-14
   0.78604539E-01   0.16142004E-01   0.90525346E+00   0.85309149E-14
   0.79926453E-01   0.16413468E-01   0.90366008E+00   0.91677454E-14
   0.81268192E-01   0.16689004E-01   0.90204280E+00   0.98518236E-14
   0.82629972E-01   0.16968655E-01   0.90040137E+00   0.10586628E-13
   0.84012010E-01   0.17252466E-01   0.89873552E+00   0.11375892E-13
   0.85414520E-01   0.17540482E-01   0.89704500E+00   0.12223619E-13
   0.86837716E-01   0.17832745E-01   0.89532954E+00   0.13134106E-13
   0.88281814E-01   0.18129301E-01   0.89358889E+00   0.14111962E-13
   0.89747025E-01   0.18430193E-01   0.89182278E+00   0.15162131E-13
   0.91233561E-01   0.18735463E-01   0.89003098E+00   0.16289915E-13
   0.92741634E-01   0.19045157E-01   0.88821321E+00   0.17501004E-13
   0.94271452E-01   0.19359316E-01   0.88636923E+00   0.18801497E-13
   0.95823223E-01   0.19677983E-01   0.88449879E+00   0.20197939E-13
   0.97397155E-01   0.20001201E-01   0.88260164E+00   0.21697344E-13
   0.98993451E-01   0.20329012E-01   0.88067754E+00   0.23307237E-13
   0.10061232E+00   0.20661458E-01   0.87872623E+00   0.25035685E-13
   0.10225395E+00   0.20998579E-01   0.87674747E+00   0.26891341E-13
   0.10391855E+00   0.21340416E-01   0.87474104E+00   0.28883476E-13
   0.10560631E+00   0.21687011E-01   0.87270668E+00   0.31022036E-13
   0.10731743E+00   0.22038402E-01   0.87064416E+00   0.33317677E-13
   0.10905210E+00   0.22394629E-01   0.86855327E+00   0.35781827E-13
   0.11081051E+00   0.22755730E-01   0.86643376E+00   0.38426732E-13
   0.11259284E+00   0.23121745E-01   0.86428541E+00   0.41265518E-13
   0.11439928E+00   0.23492710E-01   0.86210801E+00   0.44312253E-13
   0.11623000E+00   0.23868661E-01   0.85990134E+00   0.47582013E-13
   0.11808518E+00   0.24249636E-01   0.85766518E+00   0.51090952E-13
   0.11996500E+00   0.24635669E-01   0.85539933E+00   0.54856381E-13
   0.12186961E+00   0.25026795E-01   0.85310359E+00   0.58896848E-13
   0.12379919E+00   0.25423047E-01   0.85077777E+00   0.63232222E-13
   0.12575389E+00   0.25824459E-01   0.84842166E+00   0.67883791E-13
   0.12773386E+00   0.26231061E-01   0.84603508E+00   0.72874359E-13
   0.12973927E+00   0.26642885E-01   0.84361785E+00   0.78228350E-13
   0.13177025E+00   0.27059961E-01   0.84116979E+00   0.83971925E-13
   0.13382694E+00   0.27482318E-01   0.83869074E+00   0.90133103E-13
   0.13590948E+00   0.27909983E-01   0.83618053E+00   0.96741888E-13
   0.13801800E+00   0.28342983E-01   0.83363901E+00   0.10383041E-12
   0.14015263E+00   0.28781344E-01   0.83106603E+00   0.11143307E-12
   0.14231348E+00   0.29225089E-01   0.82846144E+00   0.11958670E-12
   0.14450066E+00   0.29674242E-01   0.82582510E+00   0.12833074E-12
   0.14671427E+00   0.30128824E-01   0.82315690E+00   0.13770740E-12
   0.14895443E+00   0.30588856E-01   0.82045671E+00   0.14776187E-12
   0.15122122E+00   0.31054357E-01   0.81772442E+00   0.15854250E-12
   0.15351472E+00   0.31525345E-01   0.81495993E+00   0.17010106E-12
   0.15583502E+00   0.32001834E-01   0.81216315E+00   0.18249294E-12
   0.15818218E+00   0.32483841E-01   0.80933398E+00   0.19577742E-12
   0.16055627E+00   0.32971377E-01   0.80647235E+00   0.21001791E-12
   0.16295735E+00   0.33464455E-01   0.80357820E+00   0.22528228E-12
   0.16538545E+00   0.33963084E-01   0.80065146E+00   0.24164311E-12
   0.16784063E+00   0.34467273E-01   0.79769210E+00   0.25917806E-12
   0.17032291E+00   0.34977026E-01   0.79470006E+00   0.27797020E-12
   0.17283232E+00   0.35492350E-01   0.79167533E+00   0.29810834E-12
   0.17536886E+00   0.36013247E-01   0.78861790E+00   0.31968752E-12
   0.17793254E+00   0.36539718E-01   0.78552774E+00   0.34280931E-12
   0.18052336E+00   0.37071761E-01   0.78240488E+00   0.36758236E-12
   0.18314130E+00   0.37609375E-01   0.77924932E+00   0.39412282E-12
   0.18578634E+00   0.38152553E-01   0.77606110E+00   0.42255485E-12
   0.18845845E+00   0.38701289E-01   0.77284026E+00   0.45301121E-12
   0.19115758E+00   0.39255575E-01   0.76958684E+00   0.48563377E-12
   0.19388368E+00   0.39815398E-01   0.76630092E+00   0.52057418E-12
   0.19663668E+00   0.40380746E-01   0.76298258E+00   0.55799451E-12
   0.19941651E+00   0.40951604E-01   0.75963189E+00   0.59806795E-12
   0.20222308E+00   0.41527954E-01   0.75624897E+00   0.64097954E-12
   0.20505630E+00   0.42109775E-01   0.75283393E+00   0.68692700E-12
   0.20791606E+00   0.42697048E-01   0.74938689E+00   0.73612154E-12
   0.21080224E+00   0.43289746E-01   0.74590802E+00   0.78878881E-12
   0.21371471E+00   0.43887843E-01   0.74239744E+00   0.84516979E-12
   0.21665334E+00   0.44491311E-01   0.73885535E+00   0.90552189E-12
   0.21961796E+00   0.45100117E-01   0.73528192E+00   0.97011998E-12
   0.22260842E+00   0.45714229E-01   0.73167735E+00   0.10392576E-11
   0.22562454E+00   0.46333611E-01   0.72804185E+00   0.11132481E-11
   0.22866613E+00   0.46958223E-01   0.72437565E+00   0.11924262E-11
   0.23173299E+00   0.47588024E-01   0.72067899E+00   0.12771489E-11
   0.23482491E+00   0.48222972E-01   0.71695212E+00   0.13677977E-11
   0.23794167E+00   0.48863021E-01   0.71319531E+00   0.14647794E-11
   0.24108302E+00   0.49508121E-01   0.70940885E+00   0.15685284E-11
   0.24424874E+00   0.50158222E-01   0.70559304E+00   0.16795081E-11
   0.24743854E+00   0.50813271E-01   0.70174819E+00   0.17982131E-11
   0.25065216E+00   0.51473212E-01   0.69787462E+00   0.19251709E-11
   0.25388932E+00   0.52137986E-01   0.69397269E+00   0.20609445E-11
   0.25714972E+00   0.52807532E-01   0.69004275E+00   0.22061343E-11
   0.26043305E+00   0.53481787E-01   0.68608516E+00   0.23613807E-11
   0.26373899E+00   0.54160685E-01   0.68210032E+00   0.25273667E-11
   0.26706720E+00   0.54844158E-01   0.67808864E+00   0.27048209E-11
   0.27041735E+00   0.55532134E-01   0.67405052E+00   0.28945198E-11
   0.27378906E+00   0.56224539E-01   0.66998640E+00   0.30972916E-11
   0.27718198E+00   0.56921299E-01   0.66589672E+00   0.33140192E-11
   0.28059572E+00   0.57622335E-01   0.66178195E+00   0.35456437E-11
   0.28402988E+00   0.58327565E-01   0.65764255E+00   0.37931683E-11
   0.28748407E+00   0.59036908E-01   0.65347902E+00   0.40576622E-11
   0.29095787E+00   0.59750276E-01   0.64929186E+00   0.43402648E-11
   0.29445084E+00   0.60467583E-01   0.64508158E+00   0.46421903E-11
   0.29796255E+00   0.61188738E-01   0.64084871E+00   0.49647324E-11
   0.30149255E+00   0.61913648E-01   0.63659381E+00   0.53092695E-11
   0.30504037E+00   0.62642219E-01   0.63231741E+00   0.56772698E-11
   0.30860555E+00   0.63374354E-01   0.62802010E+00   0.60702974E-11
   0.31218760E+00   0.64109953E-01   0.62370245E+00   0.64900181E-11
   0.31578602E+00   0.64848916E-01   0.61936506E+00   0.69382061E-11
   0.31940033E+00   0.65591138E-01   0.61500854E+00   0.74167505E-11
   0.32302999E+00   0.66336515E-01   0.61063350E+00   0.79276630E-11
   0.32667449E+00   0.67084940E-01   0.60624057E+00   0.84730854E-11
   0.33033330E+00   0.67836302E-01   0.60183040E+00   0.90552978E-11
   0.33400587E+00   0.68590492E-01   0.59740364E+00   0.96767275E-11
   0.33769166E+00   0.69347395E-01   0.59296094E+00   0.10339958E-10
   0.34139011E+00   0.70106897E-01   0.58850299E+00   0.11047739E-10
   0.34510065E+00   0.70868883E-01   0.58403047E+00   0.11802996E-10
   0.34882270E+00   0.71633233E-01   0.57954407E+00   0.12608843E-10
   0.35255569E+00   0.72399829E-01   0.57504448E+00   0.13468594E-10
   0.35629902E+00   0.73168549E-01   0.57053243E+00   0.14385772E-10
   0.36005210E+00   0.73939271E-01   0.56600863E+00   0.15364128E-10
   0.36381433E+00   0.74711871E-01   0.56147380E+00   0.16407651E-10
   0.36758510E+00   0.75486225E-01   0.55692868E+00   0.17520582E-10
   0.37136379E+00   0.76262207E-01   0.55237400E+00   0.18707433E-10
   0.37514979E+00   0.77039688E-01   0.54781053E+00   0.19973003E-10
   0.37894246E+00   0.77818542E-01   0.54323899E+00   0.21322394E-10
   0.38274119E+00   0.78598638E-01   0.53866017E+00   0.22761031E-10
   0.38654534E+00   0.79379848E-01   0.53407481E+00   0.24294681E-10
   0.39035428E+00   0.80162039E-01   0.52948368E+00   0.25929474E-10
   0.39416735E+00   0.80945082E-01   0.52488756E+00   0.27671930E-10
   0.39798393E+00   0.81728843E-01   0.52028722E+00   0.29528974E-10
   0.40180337E+00   0.82513192E-01   0.51568344E+00   0.31507969E-10
   0.40562501E+00   0.83297993E-01   0.51107699E+00   0.33616740E-10
   0.40944822E+00   0.84083116E-01   0.50646867E+00   0.35863599E-10
   0.41327234E+00   0.84868426E-01   0.50185924E+00   0.38257382E-10
   0.41709672E+00   0.85653790E-01   0.49724950E+00   0.40807473E-10
   0.42092071E+00   0.86439074E-01   0.49264022E+00   0.43523845E-10
   0.42474366E+00   0.87224145E-01   0.48803219E+00   0.46417088E-10
   0.42856493E+00   0.88008869E-01   0.48342620E+00   0.49498454E-10
   0.43238386E+00   0.88793114E-01   0.47882302E+00   0.52779894E-10
   0.43619981E+00   0.89576747E-01   0.47422344E+00   0.56274097E-10
   0.44001214E+00   0.90359636E-01   0.46962823E+00   0.59994542E-10
   0.44382020E+00   0.91141648E-01   0.46503816E+00   0.63955540E-10
   0.44762335E+00   0.91922652E-01   0.46045400E+00   0.68172287E-10
   0.45142096E+00   0.92702518E-01   0.45587652E+00   0.72660917E-10
   0.45521239E+00   0.93481117E-01   0.45130649E+00   0.77438558E-10
   0.45899703E+00   0.94258318E-01   0.44674466E+00   0.82523393E-10
   0.46277423E+00   0.95033995E-01   0.44219177E+00   0.87934722E-10
   0.46654340E+00   0.95808019E-01   0.43764858E+00   0.93693033E-10
   0.47030391E+00   0.96580266E-01   0.43311583E+00   0.99820068E-10
   0.47405515E+00   0.97350611E-01   0.42859424E+00   0.10633890E-09
   0.47779653E+00   0.98118930E-01   0.42408454E+00   0.11327402E-09
   0.48152745E+00   0.98885101E-01   0.41958745E+00   0.12065141E-09
